- policy: recall_qwk_window_0.01
  qwk_window: 0.01
  candidate:
    epoch: 29
    val_loss: 0.48379344173840116
    qwk_mean: 0.39429013328780216
    recall_minus1: 0.49351174951169413
    calibration_global: 0.7304757269914085
    hedging_mean: 0.6156682027649769
    qwk_nan_dims_count: 0
    eligible: true
    ineligible_reasons: &id001 []
  checkpoint_path: logs/experiments/artifacts/ordinal_v4_s2025_m33_20260606_215051/BalancedSoftmax/candidate_recall_qwk_window_0_01_checkpoint.pt
  validation_outputs: logs/experiments/artifacts/ordinal_v4_s2025_m33_20260606_215051/BalancedSoftmax/candidate_recall_qwk_window_0_01_validation_outputs.parquet
  test_outputs: logs/experiments/artifacts/ordinal_v4_s2025_m33_20260606_215051/BalancedSoftmax/candidate_recall_qwk_window_0_01_test_outputs.parquet
  validation:
    qwk_mean: 0.3630540248573021
    recall_minus1: 0.4345952099744451
    minority_recall_mean: 0.47190542087397264
    hedging_mean: 0.6059907834101382
    calibration_global: 0.7288613311728607
    mae_mean: 0.31241474747657777
    accuracy_mean: 0.7451612903225807
    hedonism_qwk: 0.44195071772572125
    security_qwk: 0.4697800931261814
    stimulation_qwk: 0.5275040110016045
  test:
    qwk_mean: 0.34639682772793917
    recall_minus1: 0.350018115942029
    minority_recall_mean: 0.4524533301446202
    hedging_mean: 0.6357466063348416
    calibration_global: 0.7423028036500986
    mae_mean: 0.29516741782426836
    accuracy_mean: 0.7565610859728507
    hedonism_qwk: 0.19226935430280212
    security_qwk: 0.20216606498194944
    stimulation_qwk: 0.14918190567853706
- policy: recall_qwk_window_0.02
  qwk_window: 0.02
  candidate:
    epoch: 29
    val_loss: 0.48379344173840116
    qwk_mean: 0.39429013328780216
    recall_minus1: 0.49351174951169413
    calibration_global: 0.7304757269914085
    hedging_mean: 0.6156682027649769
    qwk_nan_dims_count: 0
    eligible: true
    ineligible_reasons: *id001
  checkpoint_path: logs/experiments/artifacts/ordinal_v4_s2025_m33_20260606_215051/BalancedSoftmax/candidate_recall_qwk_window_0_02_checkpoint.pt
  validation_outputs: logs/experiments/artifacts/ordinal_v4_s2025_m33_20260606_215051/BalancedSoftmax/candidate_recall_qwk_window_0_02_validation_outputs.parquet
  test_outputs: logs/experiments/artifacts/ordinal_v4_s2025_m33_20260606_215051/BalancedSoftmax/candidate_recall_qwk_window_0_02_test_outputs.parquet
  validation:
    qwk_mean: 0.3630540248573021
    recall_minus1: 0.4345952099744451
    minority_recall_mean: 0.47190542087397264
    hedging_mean: 0.6059907834101382
    calibration_global: 0.7288613311728607
    mae_mean: 0.31241474747657777
    accuracy_mean: 0.7451612903225807
    hedonism_qwk: 0.44195071772572125
    security_qwk: 0.4697800931261814
    stimulation_qwk: 0.5275040110016045
  test:
    qwk_mean: 0.34639682772793917
    recall_minus1: 0.350018115942029
    minority_recall_mean: 0.4524533301446202
    hedging_mean: 0.6357466063348416
    calibration_global: 0.7423028036500986
    mae_mean: 0.29516741782426836
    accuracy_mean: 0.7565610859728507
    hedonism_qwk: 0.19226935430280212
    security_qwk: 0.20216606498194944
    stimulation_qwk: 0.14918190567853706
