- policy: recall_qwk_window_0.01
  qwk_window: 0.01
  candidate:
    epoch: 19
    val_loss: 0.465970478951931
    qwk_mean: 0.39060549367754693
    recall_minus1: 0.5545413396159871
    calibration_global: 0.6220541263262029
    hedging_mean: 0.5497695852534562
    qwk_nan_dims_count: 0
    eligible: true
    ineligible_reasons: &id001 []
  checkpoint_path: logs/experiments/artifacts/ordinal_v4_s2025_m22_20260606_214952/BalancedSoftmax/candidate_recall_qwk_window_0_01_checkpoint.pt
  validation_outputs: logs/experiments/artifacts/ordinal_v4_s2025_m22_20260606_214952/BalancedSoftmax/candidate_recall_qwk_window_0_01_validation_outputs.parquet
  test_outputs: logs/experiments/artifacts/ordinal_v4_s2025_m22_20260606_214952/BalancedSoftmax/candidate_recall_qwk_window_0_01_test_outputs.parquet
  validation:
    qwk_mean: 0.39139387425742844
    recall_minus1: 0.5702671460676
    minority_recall_mean: 0.545291391197299
    hedging_mean: 0.5488479262672811
    calibration_global: 0.6153468100548866
    mae_mean: 0.34752073138952255
    accuracy_mean: 0.7211981566820277
    hedonism_qwk: 0.294599970889331
    security_qwk: 0.38787023977433
    stimulation_qwk: 0.5747877204441542
  test:
    qwk_mean: 0.32862888771983334
    recall_minus1: 0.37589889579020014
    minority_recall_mean: 0.4481011584318936
    hedging_mean: 0.5791855203619909
    calibration_global: 0.6697792815481433
    mae_mean: 0.33198190331459043
    accuracy_mean: 0.7280542986425339
    hedonism_qwk: 0.20298815043791862
    security_qwk: 0.18486424032351234
    stimulation_qwk: 0.15009339633007357
- policy: recall_qwk_window_0.02
  qwk_window: 0.02
  candidate:
    epoch: 19
    val_loss: 0.465970478951931
    qwk_mean: 0.39060549367754693
    recall_minus1: 0.5545413396159871
    calibration_global: 0.6220541263262029
    hedging_mean: 0.5497695852534562
    qwk_nan_dims_count: 0
    eligible: true
    ineligible_reasons: *id001
  checkpoint_path: logs/experiments/artifacts/ordinal_v4_s2025_m22_20260606_214952/BalancedSoftmax/candidate_recall_qwk_window_0_02_checkpoint.pt
  validation_outputs: logs/experiments/artifacts/ordinal_v4_s2025_m22_20260606_214952/BalancedSoftmax/candidate_recall_qwk_window_0_02_validation_outputs.parquet
  test_outputs: logs/experiments/artifacts/ordinal_v4_s2025_m22_20260606_214952/BalancedSoftmax/candidate_recall_qwk_window_0_02_test_outputs.parquet
  validation:
    qwk_mean: 0.39139387425742844
    recall_minus1: 0.5702671460676
    minority_recall_mean: 0.545291391197299
    hedging_mean: 0.5488479262672811
    calibration_global: 0.6153468100548866
    mae_mean: 0.34752073138952255
    accuracy_mean: 0.7211981566820277
    hedonism_qwk: 0.294599970889331
    security_qwk: 0.38787023977433
    stimulation_qwk: 0.5747877204441542
  test:
    qwk_mean: 0.32862888771983334
    recall_minus1: 0.37589889579020014
    minority_recall_mean: 0.4481011584318936
    hedging_mean: 0.5791855203619909
    calibration_global: 0.6697792815481433
    mae_mean: 0.33198190331459043
    accuracy_mean: 0.7280542986425339
    hedonism_qwk: 0.20298815043791862
    security_qwk: 0.18486424032351234
    stimulation_qwk: 0.15009339633007357
